_viz_0 = nengo_gui.components.Slider(stim)
_viz_config[_viz_0].label_visible = True
_viz_config[_viz_0].width = 0.07636146109877996
_viz_config[_viz_0].x = -0.0216491664830081
_viz_config[_viz_0].y = 0.6075954212819572
_viz_config[_viz_0].max_value = 1
_viz_config[_viz_0].min_value = -1
_viz_config[_viz_0].height = 0.2480290205918387
_viz_1 = nengo_gui.components.Raster(a)
_viz_config[_viz_1].label_visible = True
_viz_config[_viz_1].width = 0.15272292219755992
_viz_config[_viz_1].y = 0.9167085170368263
_viz_config[_viz_1].x = 0.29300636916640893
_viz_config[_viz_1].n_neurons = 10
_viz_config[_viz_1].height = 0.2480290205918387
_viz_2 = nengo_gui.components.SpikeGrid(a)
_viz_config[_viz_2].label_visible = True
_viz_config[_viz_2].width = 0.15272292219755992
_viz_config[_viz_2].height = 0.2480290205918387
_viz_config[_viz_2].y = 0.817051813851675
_viz_config[_viz_2].x = 1.0241619728875502
_viz_3 = nengo_gui.components.Value(a)
_viz_config[_viz_3].synapse = 0.01
_viz_config[_viz_3].max_value = 1
_viz_config[_viz_3].min_value = -1
_viz_config[_viz_3].legend_labels = [u'label_0', u'label_1']
_viz_config[_viz_3].height = 0.2893671906904785
_viz_config[_viz_3].label_visible = True
_viz_config[_viz_3].width = 0.1781767425638199
_viz_config[_viz_3].show_legend = False
_viz_config[_viz_3].y = 0.12544204354682292
_viz_config[_viz_3].x = 1.0107143520839146
_viz_4 = nengo_gui.components.XYValue(a)
_viz_config[_viz_4].index_x = 0
_viz_config[_viz_4].index_y = 1
_viz_config[_viz_4].max_value = 1
_viz_config[_viz_4].min_value = -1
_viz_config[_viz_4].height = 0.2893671906904785
_viz_config[_viz_4].label_visible = True
_viz_config[_viz_4].width = 0.1781767425638199
_viz_config[_viz_4].y = 0.8372853326454006
_viz_config[_viz_4].x = 0.6757420760639342
_viz_ace_editor = nengo_gui.components.AceEditor()
_viz_net_graph = nengo_gui.components.NetGraph()
_viz_sim_control = nengo_gui.components.SimControl()
_viz_config[_viz_sim_control].kept_time = 4.0
_viz_config[_viz_sim_control].shown_time = 0.5
_viz_config[a].pos=(0.6160181575500087, 0.14487098349318367)
_viz_config[a].size=(0.1969200102880659, 0.3249180169753087)
_viz_config[model].pos=(0.30834889896907247, 0.2944947101266446)
_viz_config[model].size=(0.6595070235886561, 0.6595070235886561)
_viz_config[model].expanded=True
_viz_config[model].has_layout=True
_viz_config[stim].pos=(0.0022308969325870905, 0.1304882545018295)
_viz_config[stim].size=(0.1, 0.1)