_viz_0 = nengo_gui.components.Slider(stim)
_viz_config[_viz_0].label_visible = True
_viz_config[_viz_0].width = 0.07636146109877996
_viz_config[_viz_0].x = 0.03714915856305247
_viz_config[_viz_0].y = 0.7146612818374344
_viz_config[_viz_0].max_value = 10
_viz_config[_viz_0].min_value = -10
_viz_config[_viz_0].height = 0.2480290205918387
_viz_1 = nengo_gui.components.Raster(a)
_viz_config[_viz_1].label_visible = True
_viz_config[_viz_1].width = 0.15272292219755992
_viz_config[_viz_1].y = 0.7967739259487325
_viz_config[_viz_1].x = 0.30666168075316363
_viz_config[_viz_1].n_neurons = 10
_viz_config[_viz_1].height = 0.2480290205918387
_viz_2 = nengo_gui.components.SpikeGrid(a)
_viz_config[_viz_2].label_visible = True
_viz_config[_viz_2].width = 0.15272292219755992
_viz_config[_viz_2].height = 0.2480290205918387
_viz_config[_viz_2].y = 0.8290176986256728
_viz_config[_viz_2].x = 0.6304342758119913
_viz_3 = nengo_gui.components.Value(a)
_viz_config[_viz_3].synapse = 0.01
_viz_config[_viz_3].max_value = 1
_viz_config[_viz_3].min_value = -1
_viz_config[_viz_3].legend_labels = [u'label_0']
_viz_config[_viz_3].height = 0.2480290205918387
_viz_config[_viz_3].label_visible = True
_viz_config[_viz_3].width = 0.15272292219755992
_viz_config[_viz_3].show_legend = False
_viz_config[_viz_3].y = 0.2659918218821979
_viz_config[_viz_3].x = 0.9511524124268663
_viz_ace_editor = nengo_gui.components.AceEditor()
_viz_net_graph = nengo_gui.components.NetGraph()
_viz_sim_control = nengo_gui.components.SimControl()
_viz_config[_viz_sim_control].kept_time = 4.0
_viz_config[_viz_sim_control].shown_time = 0.5
_viz_config[a].pos=(0.599982250719265, 0.2287874687934225)
_viz_config[a].size=(0.1969200102880659, 0.3249180169753087)
_viz_config[model].pos=(0.30834889896907247, 0.2944947101266446)
_viz_config[model].size=(0.6595070235886561, 0.6595070235886561)
_viz_config[model].expanded=True
_viz_config[model].has_layout=True